DDQN_scene3_lr00001171_struct900_200_300_eps3000: 0.09217440390388648
DDQN_scene3_lr00051088_struct700_200_400_eps10000: 0.07334188949406743
DDQN_scene3_lr00068518_struct900_200_100_eps7000: 0.07200754066381425
DDQN_scene3_lr00001911_struct400_100_600_eps4000: 0.096349332318392
DDQN_scene3_lr00095543_struct800_700_100_eps8000: 0.07393137558137064
DDQN_scene3_lr00077858_struct200_600_700_eps10000: 0.07282693726230524
DDQN_scene3_lr00006364_struct200_600_500_eps3000: 0.08121285056906107
DDQN_scene3_lr00096078_struct800_400_400_eps7000: 0.07618925317807689
DDQN_scene3_lr00082954_struct300_300_300_eps8000: 0.07193188265568629
