DDQN_scene3_lr00060897_struct500_400_500_eps2000: 0.07263442519887513
DDQN_scene3_lr00089590_struct600_700_700_eps5000: 0.07531377742470953
DDQN_scene3_lr00052896_struct100_300_300_eps4000: 0.07505567718589438
DDQN_scene3_lr00073933_struct900_500_300_eps9000: 0.07525764872304662
DDQN_scene3_lr00025894_struct300_200_400_eps2000: 0.07473210156194994
DDQN_scene3_lr00079063_struct600_500_100_eps3000: 0.07440513202837672
