DDQN_scene3_lr00069597_struct700_500_200_eps7000: 0.05557885179015946
DDQN_scene3_lr00007676_struct600_400_100_eps6000: 0.05842279208812665
DDQN_scene3_lr00032978_struct400_400_100_eps4000: 0.05732169817655689
DDQN_scene3_lr00042846_struct400_500_500_eps10000: 0.057827139130009475
DDQN_scene3_lr00081157_struct100_300_500_eps5000: 0.05645606110093563
DDQN_scene3_lr00036533_struct900_500_600_eps5000: 0.056623427185165824
DDQN_scene3_lr00068567_struct800_200_200_eps7000: 0.05408862568231218
DDQN_scene3_lr00001477_struct400_200_300_eps2000: 0.0684607738659455
DDQN_scene3_lr00018550_struct600_400_500_eps8000: 0.05782794772980743
DDQN_scene3_lr00097280_struct100_700_200_eps4000: 0.053415964812113796
DDQN_scene3_lr00099767_struct500_700_700_eps7000: 0.055319838596585534
DDQN_scene3_lr00066171_struct800_600_300_eps4000: 0.05619863276728143
DDQN_scene3_lr00075489_struct800_100_600_eps5000: 0.05623912036549893
DDQN_scene3_lr00044213_struct500_500_300_eps5000: 0.05620349550768805
DDQN_scene3_lr00004940_struct400_700_600_eps10000: 0.06247390681804532
DDQN_scene3_lr00028629_struct900_200_100_eps10000: 0.05869984024200603
DDQN_scene3_lr00063150_struct400_300_500_eps5000: 0.05610555461161218
